4 6
186 182 109 0.017833941466484694 0.04991803323178977 0.08333333333333333 0.875 T
48 73 11 0.046041362527507734 0.054853980746136094 0.25 0.875 T
90 60 233 0.029479234330972666 0.06501553702958557 0.41666666666666663 0.875 T
45 90 103 0.003576740040544544 0.08993356229146951 0.5833333333333334 0.875 T
254 199 88 0.05135784445037077 0.03478066124108632 0.75 0.875 F
235 5 182 0.0689913153123456 0.010012997804272505 0.9166666666666666 0.875 T
77 219 245 0.037658598537124194 0.021633175045016453 0.08333333333333333 0.625 F
60 104 239 0.06687880616895939 0.06127357475237362 0.25 0.625 T
200 102 68 0.020735417143301356 0.09589033155863338 0.41666666666666663 0.625 T
99 198 160 0.04569214921324003 0.035105206756062005 0.5833333333333334 0.625 F
49 46 112 0.03686574170226182 0.05513594149492737 0.75 0.625 F
215 145 117 0.008741306489746154 0.056815256203671685 0.9166666666666666 0.625 T
67 11 43 0.0597045003810701 0.03141443905400777 0.08333333333333333 0.375 T
169 109 4 0.054091005478957906 0.07685960805066126 0.25 0.375 F
178 93 104 0.04071743072941025 0.12345697436185421 0.41666666666666663 0.375 T
58 208 207 0.0330589500034002 0.09242806194448801 0.5833333333333334 0.375 F
209 150 111 0.010044303692508211 0.09739661938933589 0.75 0.375 F
41 57 181 0.024515006411087892 0.033466071167688266 0.9166666666666666 0.375 F
90 224 69 0.04540921086213926 0.10567964063961341 0.08333333333333333 0.125 T
176 18 63 0.026348576115246325 0.028464848044011948 0.25 0.125 F
52 32 84 0.02086180217978666 0.030129939506665412 0.41666666666666663 0.125 T
211 188 139 0.036304649542497375 0.04660185964341014 0.5833333333333334 0.125 T
57 229 200 0.06796663534514712 0.08637364060140862 0.75 0.125 T
18 85 182 0.04855574325523858 0.06906378465346522 0.9166666666666666 0.125 F
